1, 0, 
1, 1, 0, 
1, 3, 7, 0, 
1, 1, 5, 0, 
1, 3, 1, 1, 0, 
1, 1, 3, 7, 0, 
1, 3, 3, 9, 9, 0, 
1, 3, 7, 7, 21, 0, 
1, 1, 5, 11, 27, 0, 
1, 1, 7, 3, 29, 0, 
1, 3, 7, 13, 3, 0, 
1, 3, 5, 1, 15, 0, 
1, 1, 1, 9, 23, 37, 0, 
1, 1, 3, 13, 11, 7, 0, 
1, 3, 3, 5, 19, 33, 0, 
1, 1, 7, 13, 25, 5, 0, 
1, 1, 1, 3, 13, 39, 0, 
1, 3, 5, 11, 7, 11, 0, 
1, 3, 1, 7, 3, 23, 79, 0, 
1, 3, 1, 15, 17, 63, 13, 0, 
1, 3, 3, 3, 25, 17, 115, 0, 
1, 3, 7, 9, 31, 29, 17, 0, 
1, 1, 3, 15, 29, 15, 41, 0, 
1, 3, 1, 9, 5, 21, 119, 0, 
1, 1, 5, 5, 1, 27, 33, 0, 
1, 1, 3, 1, 23, 13, 75, 0, 
1, 1, 7, 7, 19, 25, 105, 0, 
1, 3, 5, 5, 21, 9, 7, 0, 
1, 1, 1, 15, 5, 49, 59, 0, 
1, 3, 5, 15, 17, 19, 21, 0, 
1, 1, 7, 11, 13, 29, 3, 0, 
